g1
[ 2.48119430e+00 -2.00000000e+00 -1.17008649e+00  8.84119150e-17  6.88892183e-01]
g1
[[-5.29899099e-01 -5.00000000e-01 -4.32486630e-01  5.00000000e-01  -1.79338395e-01]
 [-4.27132287e-01 -4.37318244e-17  7.39238740e-01  1.93496901e-16  -5.20657368e-01]
 [-5.29899099e-01  5.00000000e-01 -4.32486630e-01 -5.00000000e-01  -1.79338395e-01]
 [-3.57751240e-01 -5.00000000e-01  1.99294651e-01 -5.00000000e-01   5.76450945e-01]
 [-3.57751240e-01  5.00000000e-01  1.99294651e-01  5.00000000e-01   5.76450945e-01]]
g2
[-1.68133064  0.35792637  3.32340428 -1.         -1.        ]
g2
[[ 5.59032552e-01 -7.70242078e-01  3.06936062e-01 -9.59450110e-17   6.17375934e-17]
 [-4.69959281e-01 -1.37844975e-01  5.10036310e-01  6.11078733e-01  -3.93209922e-01]
 [-4.69959281e-01 -1.37844975e-01  5.10036310e-01 -6.11078733e-01   3.93209922e-01]
 [ 3.50541834e-01  4.29374351e-01  4.39042241e-01 -3.55784741e-01  -5.87695463e-01]
 [ 3.50541834e-01  4.29374351e-01  4.39042241e-01  3.55784741e-01   5.87695463e-01]]
U_g1_UT_g2
[[-0.09727862  0.23285414 -0.96490171  0.06279861 -0.04040893]
 [-0.51449592  0.31619855  0.10155012  0.05024537  0.78430042]
 [-0.24621288  0.46197919  0.19870651  0.71601645 -0.46073404]
 [ 0.51449592 -0.31619855 -0.10155012  0.66132411  0.3910905 ]
 [ 0.63285385  0.72965138  0.09410395 -0.20857277  0.13421001]]
[0 1 2 3 4]
[1 4 2 3 0]
